#PATH-POINTS-START bottom bot
-135.145,-34.002,121,165
-134.56,-35.914,121
-133.975,-37.827,121
-133.389,-39.739,121
-132.804,-41.652,121
-132.218,-43.564,121
-131.633,-45.476,121
-131.047,-47.389,121
-130.462,-49.301,121
-129.877,-51.214,121
-129.291,-53.126,121
-128.706,-55.038,121
-128.12,-56.951,121
-127.535,-58.863,121
-126.949,-60.776,121
-126.364,-62.688,121
-125.779,-64.6,121
-125.193,-66.513,121
-124.608,-68.425,121
-124.022,-70.338,121
-123.437,-72.25,121
-122.851,-74.162,121
-122.266,-76.075,121
-121.681,-77.987,121
-121.095,-79.9,121
-120.51,-81.812,121
-119.924,-83.724,121
-119.339,-85.637,121
-118.753,-87.549,121
-118.168,-89.462,121
-117.583,-91.374,121
-116.997,-93.286,121
-116.412,-95.199,121
-115.826,-97.111,121
-115.241,-99.024,121
-114.655,-100.936,121
-114.07,-102.848,121
-113.485,-104.761,121
-112.899,-106.673,121
-112.314,-108.586,121
-111.728,-110.498,121
-111.143,-112.41,121
-110.557,-114.323,121
-109.972,-116.235,121
-109.387,-118.148,121
-108.801,-120.06,121
-108.216,-121.972,121
-107.63,-123.885,121
-107.045,-125.797,121
-106.459,-127.71,121
-105.874,-129.622,121
-105.289,-131.534,121
-104.703,-133.447,121
-104.118,-135.359,121
-103.532,-137.272,121
-102.947,-139.184,121
-102.361,-141.096,121
-101.776,-143.009,121
-101.191,-144.921,121
-100.605,-146.834,121
-100.02,-148.746,121
-99.434,-150.658,121,90
-97.982,-151.403,121
-95.982,-151.408,121
-93.982,-151.414,121
-91.982,-151.42,121
-89.982,-151.426,121
-87.982,-151.432,121
-85.982,-151.438,121
-83.982,-151.444,121
-81.982,-151.45,121
-79.982,-151.456,121
-77.982,-151.462,121
-75.982,-151.468,121
-73.982,-151.474,121
-71.982,-151.48,121
-69.982,-151.486,121
-67.982,-151.492,121
-65.982,-151.498,121
-63.982,-151.504,121
-61.982,-151.51,121
-59.982,-151.516,121
-57.982,-151.522,121
-55.982,-151.528,121
-53.982,-151.533,121
-51.982,-151.539,121
-49.982,-151.545,121
-47.982,-151.551,121
-45.982,-151.557,121
-43.982,-151.563,121
-41.982,-151.569,121
-39.982,-151.575,121
-37.982,-151.581,121
-35.982,-151.587,121
-33.982,-151.593,121
-31.982,-151.599,121
-29.982,-151.605,121
-27.982,-151.611,121
-25.982,-151.617,121
-23.982,-151.623,121
-21.982,-151.629,121
-19.982,-151.635,121
-17.982,-151.641,121
-15.982,-151.647,121
-13.982,-151.653,121
-11.982,-151.658,121
-9.982,-151.664,121
-7.982,-151.67,121
-5.982,-151.676,121
-3.982,-151.682,121
-1.982,-151.688,121
0.018,-151.694,121
2.018,-151.7,121
4.018,-151.706,121
6.018,-151.712,121
8.018,-151.718,121
10.018,-151.724,121
12.018,-151.73,121
14.018,-151.736,121
16.018,-151.742,121
18.017,-151.748,121
20.017,-151.754,121
22.017,-151.76,121
24.017,-151.766,121
26.017,-151.772,121
28.017,-151.778,121
30.017,-151.783,121
32.017,-151.789,121
34.017,-151.795,121
36.017,-151.801,121
38.017,-151.807,121
40.017,-151.813,121
42.017,-151.819,121
44.017,-151.825,121
46.017,-151.831,121
48.017,-151.837,121
50.017,-151.843,121
52.017,-151.849,121
54.017,-151.855,121
56.017,-151.861,121
58.017,-151.867,121
60.017,-151.873,121
61.599,-151.77,121,300
59.85,-150.798,121
58.102,-149.827,121
56.354,-148.856,121
54.605,-147.884,121
52.857,-146.913,121
51.109,-145.942,121
49.36,-144.971,121
47.612,-143.999,121
45.864,-143.028,121
44.115,-142.057,121
42.367,-141.085,121
40.619,-140.114,121
38.871,-139.143,121
37.122,-138.172,121
35.374,-137.2,121
33.626,-136.229,121
31.877,-135.258,121
30.129,-134.286,121
28.381,-133.315,121
26.632,-132.344,121
24.884,-131.373,121
23.136,-130.401,121
21.387,-129.43,121
19.639,-128.459,121
19.458,-128.329,121,300
21.234,-129.25,121
23.009,-130.17,121
24.785,-131.091,121
26.56,-132.012,121
28.336,-132.932,121
30.111,-133.853,121
31.882,-134.783,121,0
33.623,-135.767,121
35.364,-136.751,121
37.106,-137.734,121
38.847,-138.718,121
40.589,-139.701,121
42.33,-140.685,121
44.072,-141.669,121
45.813,-142.652,121
47.554,-143.636,121
49.296,-144.619,121
51.037,-145.603,121
52.779,-146.586,121
54.52,-147.57,121
56.262,-148.554,121
58.003,-149.537,121
59.744,-150.521,121
61.486,-151.504,121
63.227,-152.488,121
64.969,-153.472,121
66.71,-154.455,121
68.451,-155.439,121
70.193,-156.422,121
71.934,-157.406,121
73.676,-158.389,121
75.417,-159.373,121
77.159,-160.357,121
78.9,-161.34,121
80.641,-162.324,121
82.383,-163.307,121
83.86,-163.133,121,35
85.002,-161.492,121
86.144,-159.85,121
87.286,-158.208,121
88.429,-156.566,121
89.571,-154.924,121
90.713,-153.283,121
91.855,-151.641,121
92.997,-149.999,121
94.139,-148.357,121
95.281,-146.715,121
96.424,-145.074,121
97.566,-143.432,121
98.708,-141.79,121
99.85,-140.148,121
100.992,-138.506,121
102.134,-136.865,121
103.276,-135.223,121
104.418,-133.581,121
105.561,-131.939,121
106.703,-130.297,121
107.845,-128.655,121
108.987,-127.014,121
110.129,-125.372,121
111.271,-123.73,121
112.413,-122.088,121
113.555,-120.446,121
115.204,-119.76,121,90
117.204,-119.736,121
119.204,-119.713,121
121.203,-119.689,121
123.203,-119.666,121
125.203,-119.642,121
127.203,-119.619,121
129.203,-119.595,121
131.203,-119.571,121
133.203,-119.548,121
135.202,-119.524,121
137.202,-119.501,121
139.202,-119.477,121
141.202,-119.454,121
143.202,-119.43,121
145.202,-119.407,121
147.202,-119.383,121
149.201,-119.36,121
151.201,-119.336,121
153.201,-119.313,121
154.305,-119.299,121,90
152.305,-119.321,121
150.305,-119.344,121
148.305,-119.366,121
146.306,-119.388,121
144.306,-119.41,121
142.306,-119.432,121
140.306,-119.454,121
138.306,-119.476,121
136.306,-119.498,121
134.306,-119.52,121
132.306,-119.542,121
130.307,-119.565,121
128.307,-119.587,121
126.307,-119.609,121
124.307,-119.631,121
122.307,-119.653,121
120.307,-119.675,121
118.307,-119.697,121
116.307,-119.719,121
114.308,-119.741,121
112.308,-119.763,121
110.308,-119.786,121
108.308,-119.808,121
106.308,-119.83,121
104.308,-119.852,121
102.308,-119.874,121
100.308,-119.896,121
98.308,-119.918,121
96.309,-119.94,121
94.309,-119.962,121
92.309,-119.984,121
90.309,-120.007,121
88.309,-120.029,121
86.309,-120.051,121
84.309,-120.073,121
82.309,-120.095,121
80.31,-120.117,121
78.31,-120.139,121
76.31,-120.161,121
74.31,-120.183,121
72.31,-120.205,121
70.31,-120.227,121
68.31,-120.25,121,270
69.736,-120.253,121
71.736,-120.253,121
73.736,-120.253,121
75.736,-120.253,121
77.736,-120.253,121
79.736,-120.253,121
81.736,-120.253,121
83.736,-120.253,121
85.736,-120.253,121
87.736,-120.253,121
89.736,-120.253,121
91.736,-120.253,121
93.736,-120.253,121
95.736,-120.253,121
97.736,-120.253,121
99.736,-120.253,121
101.736,-120.253,121
103.736,-120.253,121
105.736,-120.253,121
107.736,-120.253,121
109.736,-120.253,121
111.736,-120.253,121
113.736,-120.253,121
115.736,-120.253,121
117.736,-120.253,121
119.736,-120.253,121,180
119.774,-122.215,121
119.774,-124.215,121
119.774,-126.215,121
119.774,-128.215,121
119.774,-130.215,121
119.774,-132.215,121
119.774,-134.215,121
119.774,-136.215,121
119.774,-138.215,121
119.774,-140.215,121
119.774,-142.215,121
119.774,-144.215,121
119.774,-146.215,121
119.774,-148.215,121
119.774,-150.215,121,0
119.774,-152.215,121
119.774,-154.215,121
119.774,-156.215,121
119.774,-158.215,121
119.774,-160.215,121
119.775,-162.215,121,180
119.797,-164.215,121
119.87,-166.213,121
120.037,-168.206,121
120.479,-170.148,121
121.814,-169.574,121
122.594,-167.735,121
123.229,-165.838,121
123.796,-163.92,121
124.324,-161.991,121
124.823,-160.055,121
125.302,-158.113,121
125.766,-156.167,121
126.216,-154.219,121
126.655,-152.268,121
127.085,-150.314,121
127.508,-148.359,121
127.923,-146.403,121
128.332,-144.445,121
128.736,-142.487,121
129.135,-140.527,121
129.529,-138.566,121
129.92,-136.604,121
130.306,-134.642,121
130.689,-132.679,121
131.07,-130.716,121
131.447,-128.752,121
131.821,-126.787,121
132.193,-124.822,121
132.563,-122.856,121
132.93,-120.89,121
133.295,-118.924,121
133.658,-116.957,121
134.02,-114.99,121
134.379,-113.023,121
134.737,-111.055,121
135.093,-109.087,121
135.448,-107.119,121
135.801,-105.15,121
136.154,-103.181,121
136.505,-101.212,121
136.854,-99.243,121
137.203,-97.274,121
137.551,-95.304,121
137.898,-93.335,121
138.244,-91.365,121
138.591,-89.395,121
138.937,-87.425,121
139.283,-85.456,121
139.632,-83.486,121
139.985,-81.518,121
140.368,-79.555,121,0
140.378,-77.556,121
140.378,-75.556,121
140.378,-73.556,121
140.378,-71.556,121
140.378,-69.556,121
140.378,-67.556,121
140.378,-65.556,121
140.378,-63.556,121
140.378,-61.556,121
140.378,-59.556,121
140.378,-57.556,121
140.378,-55.556,121
140.378,-53.556,121
140.378,-51.556,121
140.378,-49.556,121
140.378,-47.556,121
140.378,-45.556,121
140.378,-43.556,121
140.378,-41.556,121
140.378,-39.556,121
140.378,-37.556,121
140.378,-35.556,121
140.378,-33.556,121
140.378,-31.556,121
140.386,-29.557,121,0
140.402,-27.557,121
140.418,-25.557,121
140.433,-23.557,121
140.449,-21.557,121
140.465,-19.557,121
140.48,-17.557,121
140.496,-15.557,121
140.511,-13.557,121
140.527,-11.557,121
140.543,-9.557,121
140.558,-7.557,121
140.574,-5.557,121
140.59,-3.557,121
140.605,-1.557,121
140.621,0.443,121
140.636,2.443,121
140.652,4.442,121
140.668,6.442,121
140.683,8.442,121
140.699,10.442,121
140.715,12.442,121
140.73,14.442,121
140.746,16.442,121
140.761,18.442,121
140.777,20.442,121
140.793,22.442,121
140.808,24.442,121
140.824,26.442,121
140.84,28.442,121
140.855,30.442,121,0
139.678,31.987,121
138.334,33.468,121
136.991,34.95,121
135.647,36.431,121
134.304,37.913,121
132.96,39.395,121
131.617,40.876,121
130.274,42.358,121
128.93,43.839,121
127.587,45.321,121
126.243,46.802,121
124.9,48.284,121
123.556,49.766,121
122.213,51.247,121
120.869,52.729,121
119.526,54.21,121
118.182,55.692,121
116.839,57.174,121
115.495,58.655,121
114.152,60.137,121
112.808,61.618,121
111.465,63.1,121
110.122,64.581,121
108.778,66.063,121
107.435,67.545,121
106.091,69.026,121
104.748,70.508,121
103.404,71.989,121
102.061,73.471,121
100.717,74.953,121
99.374,76.434,121
98.03,77.916,121
96.687,79.397,121
95.343,80.879,121
94,82.36,121
92.656,83.842,121
91.313,85.324,121
89.969,86.805,121,225
88.561,86.233,121
87.126,84.84,121
85.691,83.447,121
84.256,82.054,121
82.821,80.661,121
81.386,79.267,121
79.951,77.874,121
78.516,76.481,121
77.081,75.088,121
75.646,73.695,121
74.211,72.302,121
72.776,70.909,121
71.341,69.516,121
69.906,68.123,121
68.47,66.729,121
67.035,65.336,121
65.6,63.943,121
64.165,62.55,121
62.73,61.157,121
61.295,59.764,121
59.86,58.371,121
58.425,56.978,121
56.99,55.585,121
55.555,54.191,121
54.12,52.798,121
52.685,51.405,121
51.25,50.012,121
49.815,48.619,121
48.38,47.226,121
46.945,45.833,121
45.51,44.44,121
44.075,43.047,121
42.64,41.654,121
41.205,40.26,121
39.77,38.867,121
38.335,37.474,121
36.9,36.081,121
35.465,34.688,121
34.03,33.295,121
32.595,31.902,121
31.16,30.509,121
29.725,29.116,121
28.29,27.722,121
26.855,26.329,121
25.42,24.936,121
23.985,23.543,121,225
25.298,24.878,121
26.702,26.302,121
28.105,27.727,121
29.509,29.152,121
30.913,30.577,121
32.316,32.001,121
33.72,33.426,121
35.124,34.851,121
36.527,36.275,121
37.931,37.7,121
39.335,39.125,121
40.738,40.549,121
42.142,41.974,121
43.546,43.399,121
44.949,44.824,121
46.353,46.248,121
47.757,47.673,121
49.16,49.098,121
50.564,50.522,121
51.967,51.947,121
53.371,53.372,121
54.775,54.796,121
56.178,56.221,121
57.582,57.646,121
58.986,59.071,121
60.389,60.495,121
61.793,61.92,121
63.197,63.345,121
64.6,64.769,121
66.004,66.194,121
67.408,67.619,121
68.811,69.043,121
70.215,70.468,121
71.619,71.893,121
73.022,73.318,121
74.426,74.742,121
75.829,76.167,121
77.233,77.592,121
78.637,79.016,121
80.04,80.441,121
81.444,81.866,121
82.848,83.29,121
84.251,84.715,121
85.655,86.14,121
87.059,87.565,121
88.462,88.989,121
89.866,90.414,121
91.27,91.839,121
92.673,93.263,121
94.077,94.688,121
95.481,96.113,121
96.884,97.537,121
98.288,98.962,121
99.691,100.387,121
101.095,101.812,121
102.499,103.236,121
103.902,104.661,121
105.306,106.086,121
106.71,107.51,121
108.113,108.935,121
109.517,110.36,121
110.921,111.784,121
112.324,113.209,121
113.728,114.634,121
115.132,116.059,121
116.535,117.483,121
117.939,118.908,121
119.342,120.333,121,0
119.774,122.156,121
119.774,124.156,121
119.774,126.156,121
119.774,128.156,121
119.774,130.156,121
119.774,132.156,121
119.774,134.156,121
119.774,136.156,121
119.774,138.156,121
119.774,140.156,121
119.774,142.156,121
119.774,144.156,121
119.774,146.156,121
119.774,148.156,121
119.774,150.156,121
119.774,152.156,121
119.774,154.156,121
119.774,156.156,121
119.774,158.156,121
119.774,160.156,121
119.774,162.156,121
119.774,164.156,121,0
119.792,162.594,121
119.813,160.594,121
119.834,158.594,121
119.855,156.594,121
119.877,154.594,121
119.898,152.594,121
119.919,150.594,121
119.94,148.594,121
119.961,146.595,121
119.982,144.595,121
120.003,142.595,121
120.024,140.595,121
120.045,138.595,121
120.066,136.595,121
120.087,134.595,121
120.108,132.595,121
120.129,130.595,121
120.15,128.596,121
120.171,126.596,121
120.192,124.596,121
120.213,122.596,121
120.234,120.596,121
120.51,118.854,121,90
122.51,118.854,121
124.51,118.854,121
126.51,118.854,121
128.51,118.854,121
130.51,118.854,121
132.51,118.854,121
134.51,118.854,121
136.51,118.854,121
138.51,118.854,121
140.51,118.854,121
142.51,118.854,121
144.51,118.854,121
146.51,118.854,121
148.51,118.854,121
150.51,118.854,121
152.51,118.854,121
151.163,118.873,121,90
149.163,118.896,121
147.163,118.918,121
145.163,118.941,121
143.163,118.964,121
141.163,118.987,121
139.163,119.01,121
137.164,119.033,121
135.164,119.056,121
133.164,119.078,121
131.164,119.101,121
129.164,119.124,121
127.164,119.147,121
125.164,119.17,121
123.165,119.193,121
121.165,119.216,121
119.165,119.238,121
117.165,119.261,121
115.165,119.284,121
113.165,119.307,121
111.165,119.33,121
109.165,119.353,121
107.166,119.376,121
105.166,119.398,121
103.166,119.421,121
101.166,119.444,121
99.166,119.467,121
97.166,119.49,121
95.166,119.513,121
93.166,119.536,121
91.167,119.558,121
89.167,119.581,121
87.167,119.604,121
85.167,119.627,121
83.167,119.65,121
81.167,119.673,121
79.167,119.696,121
77.168,119.718,121
75.168,119.741,121
73.168,119.764,121
71.168,119.787,121
69.168,119.81,121,270
70.795,119.791,121
72.795,119.767,121
74.794,119.744,121
76.794,119.72,121
78.794,119.696,121
80.794,119.673,121
82.794,119.649,121
84.794,119.626,121
86.794,119.602,121
88.793,119.579,121
90.793,119.555,121
92.793,119.532,121
94.793,119.508,121
96.793,119.485,121
98.793,119.461,121
100.793,119.438,121
102.793,119.414,121
104.792,119.391,121
106.792,119.367,121
108.792,119.344,121
110.792,119.301,121,270
112.782,119.116,121
114.706,118.591,121
115.786,117.088,121
114.835,115.368,121
113.372,114.008,121
111.764,112.82,121
110.087,111.731,121
108.371,110.703,121
106.623,109.731,121
104.856,108.794,121
103.074,107.887,121
101.278,107.007,121
99.471,106.149,121
97.655,105.311,121
95.831,104.492,121
94,103.688,121
92.162,102.898,121
90.319,102.121,121
88.471,101.356,121
86.619,100.602,121
84.763,99.857,121
82.902,99.124,121
81.037,98.401,121
79.17,97.685,121
77.299,96.977,121
75.425,96.279,121
73.548,95.588,121
71.669,94.904,121
69.787,94.227,121
67.902,93.558,121
66.015,92.895,121
64.126,92.237,121
62.235,91.589,121
60.341,90.944,121
58.446,90.306,121
56.548,89.674,121
54.649,89.047,121
52.748,88.427,121
50.845,87.812,121
48.94,87.201,121
47.034,86.597,121
45.126,85.997,121
43.216,85.404,121
41.305,84.814,121
39.392,84.23,121
37.477,83.652,121
35.562,83.076,121
33.644,82.508,121
31.726,81.943,121
29.805,81.384,121
27.884,80.829,121
25.961,80.279,121
24.037,79.733,121
22.112,79.192,121
20.185,78.656,121
18.257,78.124,121
16.327,77.598,121
14.397,77.074,121
12.465,76.557,121
10.533,76.042,121
8.598,75.535,121
6.663,75.028,121
4.726,74.53,121
2.789,74.032,121
0.85,73.543,121
-1.09,73.055,121
-3.031,72.575,121
-4.973,72.095,121
-6.916,71.624,121
-8.86,71.153,121
-10.806,70.691,121
-12.752,70.229,121
-14.7,69.776,121
-16.648,69.323,121
-18.598,68.879,121
-20.548,68.436,121
-22.5,68,121
-24.453,67.566,121
-26.407,67.139,121
-28.361,66.715,121
-30.317,66.297,121
-32.273,65.882,121
-34.231,65.473,121
-36.19,65.068,121
-38.149,64.668,121
-40.11,64.272,121
-42.071,63.881,121
-44.034,63.495,121
-45.997,63.113,121
-47.961,62.738,121
-49.926,62.364,121
-51.892,61.999,121
-53.859,61.635,121
-55.827,61.281,121
-57.796,60.926,121
-59.766,60.582,121
-61.736,60.238,121
-63.708,59.903,121
-65.68,59.57,121
-67.653,59.244,121
-69.627,58.922,121
-71.602,58.606,121
-73.578,58.296,121
-75.554,57.989,121
-77.532,57.69,121
-79.509,57.393,121
-81.489,57.107,121
-83.468,56.82,121
-85.449,56.545,121
-87.43,56.27,121
-89.412,56.005,121
-91.395,55.743,121
-93.379,55.489,121
-95.363,55.239,121
-97.348,54.995,121
-99.334,54.759,121
-101.321,54.526,121
-103.308,54.303,121
-105.296,54.081,121
-107.285,53.871,121
-109.274,53.661,121
-111.264,53.464,121
-113.254,53.269,121
-115.246,53.084,121
-117.238,52.902,121
-119.23,52.73,121
-121.223,52.562,121
-123.217,52.402,121
-125.211,52.25,121
-127.206,52.103,121
-129.201,51.966,121
-131.196,51.832,121
-133.193,51.711,121
-135.189,51.591,121
-137.186,51.486,121
-139.184,51.382,121
-141.182,51.292,121
-143.18,51.204,121
-145.178,51.129,121
-147.177,51.058,121
-149.176,50.998,121
-151.175,50.945,121
-153.175,50.901,121
-155.175,50.866,121
-157.174,50.839,121,270
-159.174,50.822,121
-160.541,50.179,121
-160.541,48.179,121
-160.541,46.179,121
-160.541,44.179,121
-160.541,42.179,121
-160.541,40.179,121
-160.541,38.179,121
-160.541,36.179,121
-160.541,34.179,121
-160.541,32.179,121
-160.541,30.179,121
-160.541,28.179,121
-160.541,26.179,121
-160.541,24.179,121
-160.541,22.179,121
-160.541,20.179,121
-160.541,18.179,121
-160.541,17.269,121,180
-160.541,17.269,0,180
#PATH-POINTS-START top bot
-137.062,30.207,120,20
-136.543,32.138,119.937
-136.024,34.07,119.875
-135.504,36.001,119.812
-134.985,37.933,119.75
-134.466,39.864,119.687
-133.947,41.796,119.625
-133.428,43.727,119.562
-132.908,45.658,119.499
-132.389,47.59,119.437
-131.87,49.521,119.374
-131.351,51.453,119.312
-130.832,53.384,119.249
-130.312,55.316,119.187
-129.793,57.247,119.124
-129.274,59.178,119.061
-128.755,61.11,119.14
-128.236,63.041,119.218
-127.716,64.973,119.296
-127.197,66.904,119.374
-126.678,68.836,119.452
-126.159,70.767,119.531
-125.64,72.698,119.609
-125.12,74.63,119.687
-124.601,76.561,119.765
-124.082,78.493,119.844
-123.563,80.424,119.922
-123.044,82.356,120
-122.524,84.287,120
-122.005,86.218,120
-121.486,88.15,120
-120.967,90.081,120
-120.448,92.013,120
-119.928,93.944,120
-119.409,95.876,120
-118.89,97.807,120
-118.371,99.738,120
-117.852,101.67,120
-117.332,103.601,120
-116.813,105.533,120
-116.294,107.464,120
-115.775,109.396,120
-115.256,111.327,120
-114.736,113.259,120
-114.217,115.19,120
-113.698,117.121,120
-113.179,119.053,120,0
-114.814,119.315,120
-116.813,119.294,120
-118.813,119.273,120
-120.813,119.252,120
-122.813,119.232,120
-124.813,119.211,120
-126.813,119.19,120
-128.813,119.169,120
-130.813,119.148,120
-132.813,119.127,120
-134.812,119.107,120
-136.812,119.086,120
-138.812,119.065,120
-140.812,119.044,120
-142.812,119.023,120
-144.812,119.002,120
-146.812,118.982,120
-148.812,118.961,120
-150.812,118.94,120
-152.811,118.919,120
-154.811,118.898,120
-156.811,118.877,120
-158.811,118.857,120,270
-157.397,118.854,120
-155.397,118.854,120
-153.397,118.854,120
-151.397,118.854,120
-149.397,118.854,120
-147.397,118.854,120
-145.397,118.854,120
-143.397,118.854,120
-141.397,118.854,120
-139.397,118.854,120
-137.397,118.854,120
-135.397,118.854,120
-133.397,118.854,120
-131.397,118.854,120
-129.397,118.854,120
-127.397,118.854,120
-125.397,118.854,120
-123.397,118.854,120
-121.397,118.854,120
-119.397,118.854,120
-117.397,118.854,120
-115.397,118.854,120
-113.397,118.854,120
-111.397,118.854,120
-109.397,118.854,120
-107.397,118.854,120
-105.397,118.854,120
-103.397,118.854,120
-101.397,118.854,120
-99.397,118.854,120
-97.397,118.854,120
-95.397,118.854,120
-93.397,118.854,120
-91.397,118.854,120
-89.397,118.854,120
-87.397,118.854,120
-85.397,118.854,120
-83.397,118.854,120
-81.397,118.854,120
-79.397,118.854,120
-77.397,118.854,120
-75.397,118.854,120
-73.397,118.854,120
-71.397,118.854,120
-70.56,118.854,120,90
-72.56,118.854,120
-74.56,118.854,120
-76.56,118.854,120
-78.56,118.854,120
-80.56,118.854,120
-82.56,118.854,120
-84.56,118.854,120
-86.56,118.854,120
-88.56,118.854,120
-90.56,118.854,120
-92.56,118.854,120
-94.56,118.854,120
-96.56,118.854,120
-98.56,118.854,120
-100.56,118.854,120
-102.56,118.854,120
-104.56,118.854,120
-106.56,118.854,120
-108.56,118.854,120
-110.56,118.854,120
-112.56,118.854,120
-114.56,118.854,120
-116.56,118.854,120
-118.56,118.854,120
-119.812,119.601,120,0
-119.812,121.601,120
-119.812,123.601,120
-119.812,125.601,120
-119.812,127.601,120
-119.812,129.601,120
-119.812,131.601,120
-119.812,133.601,120
-119.812,135.601,120
-119.812,137.601,120
-119.812,139.601,120
-119.812,141.601,120
-119.812,143.601,120
-119.812,145.601,120
-119.812,147.601,120
-119.812,149.601,120
-119.812,151.601,120
-119.812,153.601,120
-119.812,155.601,120
-119.812,157.601,120
-119.812,159.601,120
-119.812,159.482,120,0
-119.812,157.482,120
-119.812,155.482,120
-119.812,153.482,120
-119.812,151.482,120
-119.812,149.482,120
-119.812,147.482,120
-119.812,145.482,120
-119.812,143.482,120
-119.812,141.482,120
-119.812,139.482,120
-119.812,137.482,120
-119.812,135.482,120
-119.812,133.482,120
-119.812,131.482,120
-119.812,129.482,120
-119.812,127.482,120
-119.812,125.482,120
-119.812,123.482,120
-119.812,121.482,120
-119.812,119.482,120,180
-120.722,117.721,120
-121.706,115.979,120
-122.689,114.238,120
-123.672,112.496,120
-124.656,110.755,120
-125.639,109.013,120
-126.623,107.272,120
-127.606,105.53,120
-128.59,103.789,120
-129.573,102.047,120
-130.557,100.306,120
-131.54,98.564,120
-132.523,96.823,120
-133.507,95.081,120
-134.49,93.34,120
-135.474,91.598,120
-136.457,89.857,120
-137.441,88.115,120
-138.424,86.374,120
-139.407,84.632,120
-140.391,82.891,120
-141.374,81.149,120
-142.358,79.408,120
-142.802,77.527,120,180
-142.783,75.527,120
-142.763,73.527,120
-142.744,71.528,120
-142.725,69.528,120
-142.706,67.528,120
-142.686,65.528,120
-142.667,63.528,120
-142.648,61.528,120
-142.629,59.528,120
-142.609,57.528,120
-142.59,55.528,120
-142.571,53.528,120
-142.552,51.528,120
-142.533,49.529,120
-142.513,47.529,120
-142.494,45.529,120
-142.475,43.529,120
-142.456,41.529,120
-142.436,39.529,120
-142.417,37.529,120
-142.398,35.529,120
-142.379,33.529,120
-142.359,31.529,120
-142.34,29.529,120
-142.352,27.53,120,180
-142.383,25.53,120
-142.414,23.53,120
-142.444,21.53,120
-142.475,19.531,120
-142.506,17.531,120
-142.537,15.531,120
-142.567,13.531,120
-142.598,11.532,120
-142.629,9.532,120
-142.66,7.532,120
-142.69,5.532,120
-142.721,3.533,120
-142.752,1.533,120
-142.783,-0.467,120
-142.814,-2.467,120
-142.844,-4.467,120
-142.875,-6.466,120
-142.906,-8.466,120
-142.937,-10.466,120
-142.967,-12.466,120
-142.998,-14.465,120
-143.029,-16.465,120
-143.06,-18.465,120
-143.09,-20.465,120
-143.121,-22.464,120
-143.152,-24.464,120
-143.183,-26.464,120
-143.213,-28.464,120
-143.244,-30.463,120
-143.275,-32.463,120
-142.748,-32.755,120,180
-141.594,-31.122,120
-140.439,-29.489,120
-139.284,-27.856,120
-138.129,-26.223,120
-136.974,-24.59,120
-135.819,-22.958,120
-134.665,-21.325,120
-133.51,-19.692,120
-132.355,-18.059,120
-131.2,-16.426,120
-130.045,-14.793,120
-128.891,-13.16,120
-127.736,-11.527,120
-126.581,-9.894,120
-125.426,-8.261,120
-124.271,-6.628,120
-123.117,-4.996,120
-121.962,-3.363,120
-120.807,-1.73,120
-119.652,-0.097,120
-118.497,1.536,120
-117.343,3.169,120
-116.188,4.802,120
-115.033,6.435,120
-113.878,8.068,120
-112.723,9.701,120
-111.568,11.334,120
-110.414,12.967,120
-109.259,14.599,120
-108.104,16.232,120
-106.949,17.865,120
-105.794,19.498,120
-104.64,21.131,120
-103.485,22.764,120
-102.33,24.397,120
-101.175,26.03,120
-100.02,27.663,120
-98.866,29.296,120
-97.711,30.929,120
-96.556,32.562,120
-95.401,34.194,120
-94.246,35.827,120
-93.092,37.46,120
-91.937,39.093,120
-90.782,40.726,120
-89.627,42.359,120
-88.472,43.992,120
-87.317,45.625,120
-86.163,47.258,120
-85.008,48.891,120
-83.853,50.524,120
-82.698,52.157,120
-81.543,53.789,120
-80.389,55.422,120
-79.234,57.055,120
-78.079,58.688,120
-76.924,60.321,120
-75.769,61.954,120
-74.615,63.587,120
-73.46,65.22,120
-72.305,66.853,120
-71.15,68.486,120
-69.995,70.119,120
-68.841,71.752,120
-67.627,72.369,120,135
-66.292,70.88,120
-64.956,69.391,120
-63.621,67.902,120
-62.285,66.413,120
-60.95,64.924,120
-59.615,63.435,120
-58.279,61.947,120
-56.944,60.458,120
-55.609,58.969,120
-54.273,57.48,120
-52.938,55.991,120
-51.602,54.502,120
-50.267,53.013,120
-48.932,51.524,120
-47.596,50.036,120
-46.261,48.547,120
-44.925,47.058,120
-43.59,45.569,120
-42.255,44.08,120
-40.919,42.591,120
-39.584,41.102,120
-38.249,39.613,120
-36.913,38.125,120
-35.578,36.636,120
-34.242,35.147,120
-32.907,33.658,120
-31.572,32.169,120
-30.236,30.68,120
-28.901,29.191,120
-27.565,27.702,120
-26.522,26.529,120,135
-27.908,27.971,120
-29.294,29.413,120
-30.679,30.856,120
-32.065,32.298,120
-33.45,33.74,120
-34.836,35.182,120
-36.221,36.625,120
-37.607,38.067,120
-38.992,39.509,120
-40.378,40.952,120
-41.763,42.394,120
-43.149,43.836,120
-44.534,45.279,120
-45.92,46.721,120
-47.306,48.163,120
-48.691,49.606,120
-50.077,51.048,120
-51.462,52.49,120
-52.848,53.933,120
-54.233,55.375,120
-55.619,56.817,120
-57.004,58.26,120
-58.39,59.702,120
-59.775,61.144,120
-61.161,62.587,120
-62.546,64.029,120
-63.932,65.471,120
-65.317,66.914,120
-66.703,68.356,120
-68.089,69.798,120
-69.474,71.241,120
-70.86,72.683,120
-72.245,74.125,120
-73.631,75.567,120
-75.016,77.01,120
-76.402,78.452,120
-77.787,79.894,120
-79.173,81.337,120
-80.558,82.779,120
-81.944,84.221,120
-83.329,85.664,120
-84.715,87.106,120,180
-85.121,85.421,120
-85.437,83.446,120
-85.752,81.471,120
-86.067,79.496,120
-86.383,77.521,120
-86.698,75.546,120
-87.014,73.571,120
-87.329,71.596,120
-87.645,69.621,120
-87.96,67.646,120
-88.276,65.671,120
-88.591,63.696,120
-88.906,61.721,120
-89.222,59.746,120
-89.537,57.771,120
-89.853,55.796,120
-90.168,53.821,120
-90.484,51.846,120
-90.799,49.871,120
-91.115,47.896,120
-91.43,45.921,120
-91.746,43.946,120
-92.061,41.971,120
-92.376,39.996,120
-92.692,38.022,120
-93.007,36.047,120
-93.323,34.072,120
-93.638,32.097,120
-93.954,30.122,120
-94.269,28.147,120
-94.585,26.172,120
-94.9,24.197,120
-95.215,22.222,120
-95.531,20.247,120
-95.846,18.272,120
-96.162,16.297,120
-96.477,14.322,120
-96.793,12.347,120
-97.108,10.372,120
-97.424,8.397,120
-97.739,6.422,120
-98.054,4.447,120
-98.37,2.472,120
-98.685,0.497,120
-99.001,-1.478,120
-99.316,-3.453,120
-99.632,-5.428,120
-99.947,-7.403,120
-100.263,-9.378,120
-100.578,-11.353,120
-100.893,-13.328,120
-101.209,-15.303,120
-101.524,-17.278,120
-101.84,-19.253,120
-102.155,-21.227,120
-102.471,-23.202,120
-102.786,-25.177,120
-103.102,-27.152,120
-103.417,-29.127,120
-103.732,-31.102,120
-104.048,-33.077,120
-104.363,-35.052,120
-104.679,-37.027,120
-104.994,-39.002,120
-105.31,-40.977,120
-105.625,-42.952,120
-105.941,-44.927,120
-106.256,-46.902,120
-106.571,-48.877,120
-106.887,-50.852,120
-107.202,-52.827,120
-107.518,-54.802,120
-107.833,-56.777,120
-108.149,-58.752,120
-108.464,-60.727,120
-108.78,-62.702,120
-109.095,-64.677,120
-109.41,-66.652,120
-109.726,-68.627,120
-110.041,-70.602,120
-110.357,-72.577,120
-110.672,-74.552,120
-110.988,-76.527,120
-111.303,-78.502,120
-111.619,-80.476,120
-111.934,-82.451,120
-112.25,-84.426,120
-112.565,-86.401,120
-112.88,-88.376,120
-113.196,-90.351,120
-113.511,-92.326,120
-113.827,-94.301,120
-114.142,-96.276,120
-114.458,-98.251,120
-114.773,-100.226,120
-115.089,-102.201,120
-115.404,-104.176,120
-115.719,-106.151,120
-116.035,-108.126,120
-116.35,-110.101,120
-116.666,-112.076,120
-116.981,-114.051,120
-117.297,-116.026,120
-117.612,-118.001,120,180
-117.905,-119.978,120
-118,-121.976,120
-118.095,-123.974,120
-118.19,-125.971,120
-118.285,-127.969,120
-118.381,-129.967,120
-118.476,-131.965,120
-118.571,-133.962,120
-118.666,-135.96,120
-118.761,-137.958,120
-118.856,-139.956,120
-118.951,-141.953,120
-119.047,-143.951,120
-119.142,-145.949,120
-119.237,-147.946,120
-119.332,-149.944,120
-119.427,-151.942,120
-119.522,-153.94,120
-119.617,-155.937,120
-119.712,-157.935,120
-119.808,-159.933,120,180
-119.742,-158.116,120
-119.669,-156.118,120
-119.596,-154.119,120
-119.523,-152.12,120
-119.45,-150.122,120
-119.377,-148.123,120
-119.303,-146.124,120
-119.23,-144.126,120
-119.157,-142.127,120
-119.084,-140.128,120
-119.011,-138.13,120
-118.938,-136.131,120
-118.865,-134.132,120
-118.792,-132.134,120
-118.718,-130.135,120
-118.645,-128.136,120
-118.572,-126.138,120
-118.499,-124.139,120
-118.426,-122.14,120
-118.965,-120.732,120,0
-120.965,-120.732,120
-122.965,-120.732,120
-124.965,-120.732,120
-126.965,-120.732,120
-128.965,-120.732,120
-130.965,-120.732,120
-132.965,-120.732,120
-134.965,-120.732,120
-136.965,-120.732,120
-138.965,-120.732,120
-140.965,-120.732,120
-142.965,-120.732,120
-144.965,-120.732,120
-146.965,-120.732,120
-148.965,-120.732,120
-150.965,-120.732,120
-152.965,-120.732,120
-154.965,-120.732,120
-156.965,-120.732,120
-157.326,-120.723,120,270
-155.326,-120.701,120
-153.327,-120.68,120
-151.327,-120.658,120
-149.327,-120.636,120
-147.327,-120.614,120
-145.327,-120.593,120
-143.327,-120.571,120
-141.327,-120.549,120
-139.327,-120.527,120
-137.328,-120.506,120
-135.328,-120.484,120
-133.328,-120.462,120
-131.328,-120.44,120
-129.328,-120.419,120
-127.328,-120.397,120
-125.328,-120.375,120
-123.328,-120.353,120
-121.328,-120.332,120
-119.329,-120.31,120
-117.329,-120.288,120
-115.329,-120.267,120
-113.329,-120.245,120
-111.329,-120.223,120
-109.329,-120.201,120
-107.329,-120.18,120
-105.329,-120.158,120
-103.33,-120.136,120
-101.33,-120.114,120
-99.33,-120.093,120
-97.33,-120.071,120
-95.33,-120.049,120
-93.33,-120.027,120
-91.33,-120.006,120
-89.33,-119.984,120
-87.33,-119.962,120
-85.331,-119.94,120
-83.331,-119.919,120
-81.331,-119.897,120
-79.331,-119.875,120
-77.331,-119.854,120
-75.331,-119.832,120
-73.331,-119.81,120
-71.331,-119.788,120
-70.543,-119.46,120,90
-72.292,-118.488,120
-74.04,-117.517,120
-75.788,-116.546,120
-77.537,-115.574,120
-79.285,-114.603,120
-81.033,-113.632,120
-82.782,-112.661,120
-84.53,-111.689,120
-86.278,-110.718,120
-88.027,-109.747,120
-89.775,-108.775,120
-91.523,-107.804,120
-93.271,-106.833,120
-95.02,-105.862,120
-96.768,-104.89,120
-98.516,-103.919,120
-100.265,-102.948,120
-102.013,-101.976,120
-103.761,-101.005,120
-105.51,-100.034,120
-107.258,-99.063,120
-109.006,-98.091,120
-110.755,-97.12,120
-112.503,-96.149,120
-114.251,-95.177,120
-116,-94.206,120
-117.748,-93.235,120
-119.496,-92.264,120
-121.245,-91.292,120
-122.993,-90.321,120
-124.741,-89.35,120
-126.489,-88.378,120
-128.238,-87.407,120
-129.986,-86.436,120
-131.734,-85.465,120
-133.483,-84.493,120
-135.231,-83.522,120
-136.979,-82.551,120
-138.728,-81.579,120
-140.476,-80.608,120
-142.224,-79.637,120
-143.973,-78.666,120
-145.721,-77.694,120
-147.469,-76.723,120
-149.218,-75.752,120
-150.966,-74.78,120
-152.714,-73.809,120
-154.463,-72.838,120
-156.211,-71.867,120
-157.959,-70.895,120
-159.707,-69.924,120,0
-160.541,-68.415,120
-160.541,-66.415,120
-160.541,-64.415,120
-160.541,-62.415,120
-160.541,-60.415,120
-160.541,-58.415,120
-160.541,-56.415,120
-160.541,-54.415,120
-160.541,-52.415,120
-160.541,-50.415,120
-160.541,-48.415,120
-160.541,-46.415,120
-160.541,-44.415,120
-160.541,-42.415,120
-160.541,-40.415,120
-160.541,-38.415,120
-160.541,-36.415,120
-160.541,-34.415,120
-160.541,-32.415,120
-160.541,-30.415,120
-160.541,-28.415,120
-160.541,-26.415,120
-160.541,-24.415,120
-160.541,-22.415,120
-160.541,-20.415,120
-160.541,-18.415,120
-160.541,-16.415,120
-160.541,-15.314,120,0
-160.541,-15.314,0,0
#PATH-POINTS-START h2h bottom
-130.833,-24.419,120,110
-128.939,-25.062,120
-127.046,-25.706,120
-125.152,-26.349,120
-123.258,-26.992,120
-121.365,-27.636,120
-119.471,-28.279,120
-117.577,-28.923,120
-115.684,-29.566,120
-113.79,-30.21,120
-111.896,-30.853,120
-110.003,-31.497,120
-108.109,-32.14,120
-106.215,-32.784,120
-104.322,-33.427,120
-102.428,-34.071,120
-100.534,-34.714,120
-98.641,-35.358,120
-96.747,-36.001,120
-94.853,-36.645,120
-92.96,-37.288,120
-91.066,-37.932,120
-89.172,-38.575,120
-87.279,-39.218,120
-85.385,-39.862,120
-83.491,-40.505,120
-81.598,-41.149,120,90
-79.612,-41.354,120
-77.62,-41.534,120
-75.628,-41.717,120
-73.637,-41.905,120
-71.646,-42.097,120
-69.656,-42.294,120
-67.666,-42.497,120
-65.677,-42.706,120
-63.689,-42.921,120
-61.701,-43.143,120
-59.714,-43.372,120
-57.728,-43.609,120
-55.744,-43.854,120
-53.76,-44.109,120
-51.777,-44.373,120
-49.796,-44.648,120
-47.817,-44.936,120
-45.84,-45.238,120
-43.865,-45.553,120
-41.893,-45.883,120
-39.923,-46.23,120
-37.957,-46.599,120
-35.995,-46.987,120
-34.038,-47.398,120
-32.087,-47.838,120
-30.142,-48.305,120
-28.206,-48.807,120
-26.281,-49.346,120
-24.367,-49.926,120
-22.469,-50.557,120
-20.59,-51.243,120
-18.736,-51.991,120
-16.912,-52.811,120
-15.127,-53.713,120
-13.394,-54.711,120
-11.724,-55.811,120
-10.136,-57.026,120
-8.648,-58.361,120
-7.281,-59.82,120
-6.053,-61.398,120
-4.976,-63.082,120
-4.052,-64.855,120
-3.276,-66.698,120
-2.635,-68.592,120
-2.114,-70.523,120
-1.695,-72.478,120
-1.358,-74.449,120
-1.092,-76.431,120
-0.879,-78.42,120
-0.709,-80.413,120
-0.573,-82.408,120
-0.462,-84.405,120
-0.368,-86.403,120
-0.287,-88.401,120
-0.213,-90.4,120
-0.142,-92.398,120
-0.071,-94.397,120
-0.197,-96.368,120,180
-0.809,-98.272,120
-1.421,-100.176,120
-2.033,-102.081,120
-2.645,-103.985,120
-3.257,-105.889,120
-3.869,-107.793,120
-4.751,-108.982,120,180
-6.47,-107.959,120
-8.188,-106.935,120
-9.906,-105.912,120
-11.625,-104.888,120
-13.343,-103.865,120
-15.061,-102.841,120
-16.78,-101.818,120
-18.498,-100.795,120
-20.216,-99.771,120
-21.935,-98.748,120
-23.653,-97.724,120
-25.371,-96.701,120
-27.089,-95.678,120
-28.808,-94.654,120
-30.526,-93.631,120
-32.244,-92.607,120
-33.963,-91.584,120
-35.681,-90.561,120
-37.399,-89.537,120
-39.118,-88.514,120
-40.836,-87.49,120
-42.554,-86.467,120
-44.273,-85.443,120
-45.991,-84.42,120
-47.709,-83.397,120
-49.428,-82.373,120
-51.146,-81.35,120
-52.864,-80.326,120
-54.583,-79.303,120
-56.301,-78.28,120
-58.019,-77.256,120
-59.738,-76.233,120
-61.456,-75.209,120
-63.174,-74.186,120
-64.893,-73.162,120
-66.611,-72.139,120
-68.329,-71.116,120
-69.047,-69.968,120,305
-67.633,-68.553,120
-66.219,-67.139,120
-64.805,-65.725,120
-63.391,-64.311,120
-61.976,-62.896,120
-60.562,-61.482,120
-59.148,-60.068,120
-57.734,-58.654,120
-56.32,-57.24,120
-54.905,-55.825,120
-53.491,-54.411,120
-52.077,-52.997,120
-50.663,-51.583,120
-49.249,-50.169,120
-47.834,-48.754,120
-46.42,-47.34,120
-45.006,-45.926,120
-43.592,-44.512,120
-42.177,-43.097,120
-40.763,-41.683,120
-39.349,-40.269,120
-37.935,-38.855,120
-36.521,-37.441,120
-35.106,-36.026,120
-33.692,-34.612,120
-32.278,-33.198,120
-30.864,-31.784,120
-29.45,-30.37,120
-28.035,-28.955,120
-28.054,-28.952,120,45
-29.49,-30.344,120
-30.926,-31.736,120
-32.362,-33.128,120
-33.798,-34.52,120
-35.234,-35.912,120
-36.67,-37.304,120
-38.106,-38.696,120
-39.542,-40.088,120
-40.978,-41.48,120
-42.414,-42.872,120
-43.85,-44.264,120
-45.286,-45.656,120
-46.722,-47.048,120
-48.158,-48.44,120
-49.594,-49.833,120
-51.03,-51.225,120
-52.466,-52.617,120
-53.902,-54.009,120
-55.338,-55.401,120
-56.774,-56.793,120
-58.21,-58.185,120
-59.646,-59.577,120
-61.082,-60.969,120
-62.518,-62.361,120
-63.954,-63.753,120
-65.39,-65.145,120
-66.826,-66.537,120
-68.262,-67.929,120
-69.698,-69.321,120
-71.134,-70.713,120
-72.57,-72.106,120
-74.006,-73.498,120
-75.442,-74.89,120
-76.878,-76.282,120
-78.314,-77.674,120
-79.751,-79.066,120
-81.187,-80.458,120
-82.623,-81.85,120
-84.059,-83.242,120
-85.495,-84.634,120
-86.931,-86.026,120
-88.367,-87.418,120
-89.803,-88.81,120
-91.239,-90.202,120
-92.675,-91.594,120
-94.111,-92.986,120
-95.547,-94.379,120
-96.983,-95.771,120
-98.419,-97.163,120
-99.855,-98.555,120
-101.291,-99.947,120
-102.727,-101.339,120
-104.163,-102.731,120
-105.599,-104.123,120
-107.035,-105.515,120
-108.471,-106.907,120
-109.907,-108.299,120
-111.343,-109.691,120
-112.779,-111.083,120
-114.215,-112.475,120
-115.651,-113.867,120
-117.087,-115.26,120
-118.523,-116.652,120
-119.959,-118.044,120
-121.452,-119.294,120,225
-123.452,-119.294,120
-125.452,-119.294,120
-127.452,-119.294,120
-129.452,-119.294,120
-131.452,-119.294,120
-133.452,-119.294,120
-135.452,-119.294,120
-137.452,-119.294,120
-139.452,-119.294,120
-141.452,-119.294,120
-143.452,-119.294,120
-145.452,-119.294,120
-147.452,-119.294,120
-149.452,-119.294,120
-151.452,-119.294,120
-153.452,-119.294,120
-155.452,-119.294,120,270
-154.047,-119.313,120
-152.047,-119.335,120
-150.047,-119.357,120
-148.048,-119.38,120
-146.048,-119.402,120
-144.048,-119.424,120
-142.048,-119.446,120
-140.048,-119.468,120
-138.048,-119.49,120
-136.048,-119.512,120
-134.048,-119.534,120
-132.049,-119.556,120
-130.049,-119.578,120
-128.049,-119.6,120
-126.049,-119.623,120
-124.049,-119.645,120
-122.049,-119.667,120
-120.049,-119.689,120
-118.049,-119.711,120
-116.049,-119.733,120
-114.05,-119.755,120
-112.05,-119.777,120
-110.05,-119.799,120
-108.05,-119.821,120
-106.05,-119.844,120
-104.05,-119.866,120
-102.05,-119.888,120
-100.05,-119.91,120
-98.051,-119.932,120
-96.051,-119.954,120
-94.051,-119.976,120
-92.051,-119.998,120
-90.051,-120.02,120
-88.051,-120.042,120
-86.051,-120.065,120
-84.051,-120.087,120
-82.052,-120.109,120
-80.052,-120.131,120
-78.052,-120.153,120
-76.052,-120.175,120
-74.052,-120.197,120
-72.052,-120.219,120
-70.052,-120.241,120
-69.914,-119.884,120,90
-71.764,-119.123,120
-73.613,-118.361,120
-75.462,-117.6,120
-77.312,-116.838,120
-79.161,-116.077,120
-81.01,-115.315,120
-82.86,-114.554,120
-84.709,-113.792,120
-86.559,-113.031,120
-88.408,-112.269,120
-90.257,-111.508,120
-92.107,-110.746,120
-93.956,-109.985,120
-95.805,-109.223,120
-97.655,-108.462,120
-99.504,-107.7,120
-101.353,-106.939,120
-103.203,-106.177,120
-105.052,-105.416,120
-106.901,-104.654,120
-108.751,-103.893,120
-110.6,-103.131,120
-112.45,-102.37,120
-114.299,-101.608,120
-116.148,-100.847,120
-117.998,-100.085,120
-119.847,-99.324,120
-121.696,-98.562,120
-123.546,-97.801,120
-125.395,-97.039,120
-127.244,-96.278,120
-129.094,-95.516,120
-130.943,-94.755,120
-132.792,-93.993,120
-134.455,-93.007,120,0
-135.545,-91.33,120
-136.635,-89.653,120
-137.725,-87.976,120
-138.815,-86.299,120
-139.905,-84.622,120
-140.995,-82.945,120
-142.085,-81.269,120
-143.175,-79.592,120
-144.265,-77.915,120
-145.355,-76.238,120
-146.445,-74.561,120
-147.535,-72.884,120
-148.625,-71.207,120
-149.715,-69.53,120
-150.805,-67.854,120
-151.895,-66.177,120
-152.985,-64.5,120
-154.075,-62.823,120
-155.165,-61.146,120
-156.255,-59.469,120
-157.345,-57.792,120
-158.435,-56.115,120
-159.111,-54.314,120,0
-159.128,-52.314,120
-159.145,-50.314,120
-159.162,-48.314,120
-159.18,-46.314,120
-159.197,-44.314,120
-159.214,-42.314,120
-159.231,-40.314,120
-159.249,-38.314,120
-159.266,-36.314,120
-159.283,-34.315,120
-159.3,-32.315,120
-159.317,-30.315,120
-159.335,-28.315,120
-159.352,-26.315,120
-159.369,-24.315,120
-159.386,-22.315,120
-159.404,-20.315,120
-159.421,-18.315,120
-159.438,-16.315,120
-159.455,-14.315,120
-159.473,-12.315,120
-159.49,-10.315,120
-159.507,-8.315,120
-159.524,-6.316,120
-159.542,-4.316,120
-159.559,-2.316,120
-159.576,-0.316,120
-159.583,0.498,120,0
-159.583,0.498,0,0
#PATH-POINTS-START h2h top
-133.229,28.29,120,0
-132.179,29.992,120
-131.009,31.614,120
-129.716,33.138,120
-128.298,34.549,120
-126.762,35.828,120
-125.12,36.969,120
-123.388,37.967,120
-121.581,38.822,120
-119.715,39.541,120
-117.804,40.131,120
-115.861,40.604,120
-113.896,40.976,120
-111.916,41.257,120
-109.927,41.461,120
-107.932,41.598,120
-105.933,41.676,120
-103.934,41.706,120
-101.934,41.696,120
-99.934,41.653,120
-97.935,41.581,120
-95.938,41.487,120
-93.941,41.376,120
-91.945,41.253,120
-89.949,41.12,120
-87.954,40.982,120
-85.959,40.841,120
-83.964,40.703,120
-81.968,40.568,120
-79.972,40.44,120
-77.976,40.322,120
-75.979,40.215,120
-73.981,40.123,120
-71.982,40.047,120
-69.983,39.991,120
-67.983,39.954,120
-65.983,39.942,120
-63.983,39.952,120
-61.984,39.992,120
-59.985,40.059,120
-57.987,40.158,120
-55.992,40.289,120
-53.998,40.451,120
-52.009,40.653,120
-50.023,40.89,120
-48.042,41.165,120
-46.067,41.483,120
-44.099,41.839,120
-42.14,42.238,120
-40.189,42.682,120
-38.249,43.167,120
-36.321,43.697,120
-34.407,44.276,120
-32.506,44.897,120
-30.62,45.563,120
-28.752,46.279,120
-26.903,47.039,120
-25.071,47.843,120
-23.26,48.69,120
-21.472,49.586,120
-19.706,50.525,120
-17.963,51.506,120
-16.244,52.527,120
-14.549,53.589,120,0
-13.107,54.969,120
-11.685,56.376,120
-10.262,57.781,120
-8.842,59.189,120
-7.432,60.608,120
-6.046,62.05,120
-4.706,63.534,120
-3.45,65.09,120
-2.337,66.751,120
-1.438,68.535,120
-0.797,70.428,120
-0.395,72.386,120
-0.173,74.373,120
-0.069,76.37,120
-0.04,78.37,120
-0.058,80.37,120
-0.104,82.369,120
-0.165,84.368,120
-0.236,86.367,120
-0.311,88.366,120
-0.386,90.364,120
-0.459,92.363,120
-1.403,93.443,120,0
-3.403,93.409,120
-5.403,93.376,120
-7.402,93.343,120
-9.402,93.31,120
-11.402,93.277,120
-13.401,93.244,120
-15.401,93.211,120
-17.401,93.177,120
-19.401,93.144,120
-21.4,93.111,120
-23.4,93.078,120
-25.4,93.045,120
-27.4,93.012,120
-29.399,92.978,120
-31.399,92.945,120
-33.399,92.912,120
-35.398,92.879,120
-37.398,92.846,120
-39.398,92.813,120
-41.398,92.78,120
-43.397,92.746,120
-45.397,92.713,120
-47.397,92.68,120
-49.397,92.647,120
-51.396,92.614,120
-53.396,92.581,120
-55.396,92.548,120
-57.395,92.514,120
-59.395,92.481,120
-61.395,92.448,120
-63.395,92.415,120
-65.394,92.382,120
-67.394,92.349,120
-69.394,92.316,120
-71.393,92.282,120
-73.393,92.249,120
-75.393,92.216,120
-77.393,92.183,120
-79.392,92.15,120
-81.392,92.117,120
-83.392,92.084,120
-85.392,92.05,120
-87.346,92.133,120,270
-88.784,93.523,120
-90.222,94.913,120
-91.661,96.302,120
-93.099,97.692,120
-94.537,99.081,120
-95.976,100.471,120
-97.414,101.861,120
-98.853,103.25,120
-100.291,104.64,120
-101.729,106.03,120
-103.168,107.419,120
-104.606,108.809,120
-106.045,110.198,120
-107.483,111.588,120
-108.921,112.978,120
-110.36,114.367,120
-111.798,115.757,120
-113.236,117.146,120
-114.675,118.536,120
-116.353,119.333,120,315
-118.353,119.333,120
-120.353,119.333,120
-122.353,119.333,120
-124.353,119.333,120
-126.353,119.333,120
-128.353,119.333,120
-130.353,119.333,120
-132.353,119.333,120
-134.353,119.333,120
-136.353,119.333,120
-138.353,119.333,120
-140.353,119.333,120
-142.353,119.333,120
-144.353,119.333,120
-146.353,119.333,120
-148.353,119.333,120
-150.353,119.333,120
-152.353,119.333,120
-154.353,119.333,120
-156.353,119.333,120
-158.353,119.333,120
-158.813,119.34,120,270
-156.814,119.36,120
-154.814,119.38,120
-152.814,119.4,120
-150.814,119.42,120
-148.814,119.44,120
-146.814,119.46,120
-144.814,119.48,120
-142.814,119.5,120
-140.814,119.52,120
-138.814,119.54,120
-136.815,119.56,120
-134.815,119.58,120
-132.815,119.6,120
-130.815,119.62,120
-128.815,119.64,120
-126.815,119.66,120
-124.815,119.68,120
-122.815,119.7,120
-120.815,119.72,120
-118.815,119.74,120
-116.816,119.76,120
-114.816,119.78,120
-112.816,119.8,120
-110.816,119.82,120
-108.816,119.84,120
-106.816,119.86,120
-104.816,119.88,120
-102.816,119.9,120
-100.816,119.92,120
-98.816,119.94,120
-96.817,119.96,120
-94.817,119.98,120
-92.817,120,120
-90.817,120.02,120
-88.817,120.04,120
-86.817,120.06,120
-84.817,120.08,120
-82.817,120.1,120
-80.817,120.12,120
-78.817,120.14,120
-76.818,120.16,120
-74.818,120.18,120
-72.818,120.2,120
-70.818,120.22,120
-68.818,120.24,120
-66.818,120.26,120
-64.818,120.28,120
-63.749,120.291,120,90
-63.749,120.291,0,90
#PATH.JERRYIO-DATA {"appVersion":"0.10.0","format":"path.jerryio v0.1","gc":{"robotWidth":14,"robotHeight":14,"robotIsHolonomic":false,"showRobot":true,"uol":2.54,"pointDensity":0.7874015748031495,"controlMagnetDistance":1.968503937007874,"fieldImage":{"displayName":"VURC 2026 - Push Back","signature":"VURC-PushBack-H2H-TopDownHighlighted-TileColor66_71","origin":{"__type":"built-in"}},"coordinateSystem":"VEX Gaming Positioning System"},"paths":[{"segments":[{"controls":[{"uid":"m7fkSeIsGP","x":-53.20684546937346,"y":-13.386603866496737,"lock":false,"visible":true,"heading":165,"__type":"end-point"},{"uid":"iObsx539GV","x":-39.05809561047753,"y":-59.60585340555679,"lock":false,"visible":true,"heading":90,"__type":"end-point"}],"speedProfiles":[{"uid":"HjHRenqqFF","xPos":0.9836065573770492,"yPos":1,"followBentRate":false}],"lookaheadKeyframes":[],"uid":"HhHIvyLq8R"},{"controls":[{"uid":"iObsx539GV","x":-39.05809561047753,"y":-59.60585340555679,"lock":false,"visible":true,"heading":90,"__type":"end-point"},{"uid":"UUjXhZJkUt","x":24.32830375737626,"y":-59.79450340367541,"lock":false,"visible":true,"heading":300,"__type":"end-point"}],"speedProfiles":[{"uid":"J3azdlrPF2","xPos":0.32926829268292684,"yPos":1,"followBentRate":false},{"uid":"NPEWkcmWrK","xPos":0.3373493975903614,"yPos":1,"followBentRate":false},{"uid":"7ybXvXrYOZ","xPos":0.6265060240963856,"yPos":1,"followBentRate":false}],"lookaheadKeyframes":[],"uid":"TBnk06ssf0"},{"controls":[{"uid":"UUjXhZJkUt","x":24.32830375737626,"y":-59.79450340367541,"lock":false,"visible":true,"heading":300,"__type":"end-point"},{"uid":"COXhxg3AGS","x":7.349803926701138,"y":-50.36200349774478,"lock":false,"visible":true,"heading":300,"__type":"end-point"}],"speedProfiles":[],"lookaheadKeyframes":[],"uid":"1kRbEXQANk"},{"controls":[{"uid":"COXhxg3AGS","x":7.349803926701138,"y":-50.36200349774478,"lock":false,"visible":true,"heading":300,"__type":"end-point"},{"uid":"IhaGE2wkBR","x":12.443353875903675,"y":-53.00310347140535,"lock":false,"visible":true,"heading":0,"__type":"end-point"}],"speedProfiles":[],"lookaheadKeyframes":[],"uid":"WN3fB7JRI7"},{"controls":[{"uid":"IhaGE2wkBR","x":12.443353875903675,"y":-53.00310347140535,"lock":false,"visible":true,"heading":0,"__type":"end-point"},{"uid":"23q3FpqFRN","x":32.81755367271382,"y":-64.51075335664072,"lock":false,"visible":true,"heading":35,"__type":"end-point"}],"speedProfiles":[],"lookaheadKeyframes":[],"uid":"qSVZBdPIKg"},{"controls":[{"uid":"23q3FpqFRN","x":32.81755367271382,"y":-64.51075335664072,"lock":false,"visible":true,"heading":35,"__type":"end-point"},{"uid":"imgXp1AM1S","x":44.89115355230502,"y":-47.15495352972837,"lock":false,"visible":true,"heading":90,"__type":"end-point"}],"speedProfiles":[],"lookaheadKeyframes":[],"uid":"qzRAvE6csg"},{"controls":[{"uid":"imgXp1AM1S","x":44.89115355230502,"y":-47.15495352972837,"lock":false,"visible":true,"heading":90,"__type":"end-point"},{"uid":"OY23IOupPu","x":60.92640339238708,"y":-46.96630353160975,"lock":false,"visible":true,"heading":90,"__type":"end-point"}],"speedProfiles":[],"lookaheadKeyframes":[],"uid":"5R46VZaAiM"},{"controls":[{"uid":"OY23IOupPu","x":60.92640339238708,"y":-46.96630353160975,"lock":false,"visible":true,"heading":90,"__type":"end-point"},{"uid":"K1OojxqczK","x":26.78075373291822,"y":-47.34360352784698,"lock":false,"visible":true,"heading":270,"__type":"end-point"}],"speedProfiles":[],"lookaheadKeyframes":[],"uid":"Q9EwU6nCNJ"},{"controls":[{"uid":"K1OojxqczK","x":26.78075373291822,"y":-47.34360352784698,"lock":false,"visible":true,"heading":270,"__type":"end-point"},{"uid":"1ceUDTErGr","x":47.15495352972837,"y":-47.34360352784698,"lock":false,"visible":true,"heading":180,"__type":"end-point"}],"speedProfiles":[],"lookaheadKeyframes":[],"uid":"rtZtIGsbtd"},{"controls":[{"uid":"1ceUDTErGr","x":47.15495352972837,"y":-47.34360352784698,"lock":false,"visible":true,"heading":180,"__type":"end-point"},{"uid":"cvZpQAxwOn","x":47.15495352972837,"y":-58.85125341308234,"lock":false,"visible":true,"heading":0,"__type":"end-point"}],"speedProfiles":[],"lookaheadKeyframes":[],"uid":"ZkQwrFxMfv"},{"controls":[{"uid":"cvZpQAxwOn","x":47.15495352972837,"y":-58.85125341308234,"lock":false,"visible":true,"heading":0,"__type":"end-point"},{"uid":"w6H4jKRR2w","x":47.15495352972837,"y":-63.756153364166266,"lock":false,"visible":true,"heading":180,"__type":"end-point"}],"speedProfiles":[],"lookaheadKeyframes":[],"uid":"my4Mah0961"},{"controls":[{"uid":"w6H4jKRR2w","x":47.15495352972837,"y":-63.756153364166266,"lock":false,"visible":true,"heading":180,"__type":"end-point"},{"uid":"8j9aAkv96D","x":47.15495352972837,"y":-80.16870320048557,"lock":false,"visible":true,"__type":"control"},{"uid":"i86GRE4kQm","x":55.07825345071009,"y":-31.685653684002148,"lock":false,"visible":true,"__type":"control"},{"uid":"tuyEiAqwJD","x":55.26690344882871,"y":-31.30835368776492,"lock":false,"visible":true,"heading":0,"__type":"end-point"}],"speedProfiles":[],"lookaheadKeyframes":[],"uid":"GYj5Qvz2fx"},{"controls":[{"uid":"tuyEiAqwJD","x":55.26690344882871,"y":-31.30835368776492,"lock":false,"visible":true,"heading":0,"__type":"end-point"},{"uid":"Ehp2DvjzQr","x":55.26690344882871,"y":-12.06605387966645,"lock":false,"visible":true,"heading":0,"__type":"end-point"}],"speedProfiles":[],"lookaheadKeyframes":[],"uid":"QEeMu0OGri"},{"controls":[{"uid":"Ehp2DvjzQr","x":55.26690344882871,"y":-12.06605387966645,"lock":false,"visible":true,"heading":0,"__type":"end-point"},{"uid":"ahH6BcqAx4","x":55.45555344694732,"y":12.081145879515946,"lock":false,"visible":true,"heading":0,"__type":"end-point"}],"speedProfiles":[],"lookaheadKeyframes":[],"uid":"R6FyywMtI4"},{"controls":[{"uid":"ahH6BcqAx4","x":55.45555344694732,"y":12.081145879515946,"lock":false,"visible":true,"heading":0,"__type":"end-point"},{"uid":"vEzSVNhj9X","x":35.27000364825578,"y":34.341845657512216,"lock":false,"visible":true,"heading":225,"__type":"end-point"}],"speedProfiles":[],"lookaheadKeyframes":[],"uid":"lMuysMJEcB"},{"controls":[{"uid":"vEzSVNhj9X","x":35.27000364825578,"y":34.341845657512216,"lock":false,"visible":true,"heading":225,"__type":"end-point"},{"uid":"eaxOfKpImF","x":9.424953906005875,"y":9.25139590773676,"lock":false,"visible":true,"heading":225,"__type":"end-point"}],"speedProfiles":[],"lookaheadKeyframes":[],"uid":"EYUTb8ymnO"},{"controls":[{"uid":"eaxOfKpImF","x":9.424953906005875,"y":9.25139590773676,"lock":false,"visible":true,"heading":225,"__type":"end-point"},{"uid":"OKzumyptDN","x":47.15495352972837,"y":47.54734552581509,"lock":false,"visible":true,"heading":0,"__type":"end-point"}],"speedProfiles":[],"lookaheadKeyframes":[],"uid":"eEzgEnMCRb"},{"controls":[{"uid":"OKzumyptDN","x":47.15495352972837,"y":47.54734552581509,"lock":false,"visible":true,"heading":0,"__type":"end-point"},{"uid":"UpsHOkjtS9","x":47.15495352972837,"y":64.71449535460883,"lock":false,"visible":true,"heading":0,"__type":"end-point"}],"speedProfiles":[],"lookaheadKeyframes":[],"uid":"bo5VUTrv7A"},{"controls":[{"uid":"UpsHOkjtS9","x":47.15495352972837,"y":64.71449535460883,"lock":false,"visible":true,"heading":0,"__type":"end-point"},{"uid":"4drElMHYwe","x":47.34360352784698,"y":46.79274553334064,"lock":false,"visible":true,"heading":90,"__type":"end-point"}],"speedProfiles":[],"lookaheadKeyframes":[],"uid":"OzCFaw7Os6"},{"controls":[{"uid":"4drElMHYwe","x":47.34360352784698,"y":46.79274553334064,"lock":false,"visible":true,"heading":90,"__type":"end-point"},{"uid":"k8WdONv850","x":60.171803399912626,"y":46.79274553334064,"lock":false,"visible":true,"heading":90,"__type":"end-point"}],"speedProfiles":[],"lookaheadKeyframes":[],"uid":"Wj4Zgp5PTj"},{"controls":[{"uid":"k8WdONv850","x":60.171803399912626,"y":46.79274553334064,"lock":false,"visible":true,"heading":90,"__type":"end-point"},{"uid":"W30NcizshA","x":27.158053729155448,"y":47.17004552957786,"lock":false,"visible":true,"heading":270,"__type":"end-point"}],"speedProfiles":[],"lookaheadKeyframes":[],"uid":"2feG7tR699"},{"controls":[{"uid":"W30NcizshA","x":27.158053729155448,"y":47.17004552957786,"lock":false,"visible":true,"heading":270,"__type":"end-point"},{"uid":"SYHaqorp4h","x":43.19330356923751,"y":46.98139553145925,"lock":false,"visible":true,"heading":270,"__type":"end-point"}],"speedProfiles":[],"lookaheadKeyframes":[],"uid":"ZSwdQio9Iu"},{"controls":[{"uid":"SYHaqorp4h","x":43.19330356923751,"y":46.98139553145925,"lock":false,"visible":true,"heading":270,"__type":"end-point"},{"uid":"OjJNAZdBp5","x":59.22855340931957,"y":46.792745533340636,"lock":false,"visible":true,"__type":"control"},{"uid":"xqXprH6si4","x":-8.308145917143696,"y":20.193095798616284,"lock":false,"visible":true,"__type":"control"},{"uid":"R34l2RjK4f","x":-63.20529536965992,"y":20.00444580049767,"lock":false,"visible":true,"heading":270,"__type":"end-point"}],"speedProfiles":[],"lookaheadKeyframes":[],"uid":"RXXn2EjV5R"},{"controls":[{"uid":"R34l2RjK4f","x":-63.20529536965992,"y":20.00444580049767,"lock":false,"visible":true,"heading":270,"__type":"end-point"},{"uid":"UheBBuxFCF","x":-63.20529536965992,"y":6.798945932194798,"lock":false,"visible":true,"heading":180,"__type":"end-point"}],"speedProfiles":[],"lookaheadKeyframes":[],"uid":"OxLo2TFwA0"}],"pc":{"speedLimit":{"minLimit":{"value":0,"label":"0"},"maxLimit":{"value":600,"label":"600"},"step":1,"from":40,"to":121},"bentRateApplicableRange":{"minLimit":{"value":0,"label":"0"},"maxLimit":{"value":1,"label":"1"},"step":0.001,"from":0,"to":0.1}},"name":"bottom bot","uid":"UCcaxbCfkl","lock":false,"visible":true},{"segments":[{"controls":[{"uid":"RXdl93T3U1","x":-53.961445461847916,"y":11.892495881397334,"lock":false,"visible":true,"heading":20,"__type":"end-point"},{"uid":"hsfDW83uZf","x":-44.52894555591729,"y":46.98139553145925,"lock":false,"visible":true,"heading":0,"__type":"end-point"}],"speedProfiles":[{"uid":"aWvdhjXvhB","xPos":0.3191489361702128,"yPos":0.9882677708764666,"followBentRate":false},{"uid":"3ft0ocuNsA","xPos":0.574468085106383,"yPos":1,"followBentRate":false},{"uid":"WhoHMZDXjT","xPos":0.851063829787234,"yPos":1,"followBentRate":false}],"lookaheadKeyframes":[],"uid":"S1fWHOgFa6"},{"controls":[{"uid":"hsfDW83uZf","x":-44.52894555591729,"y":46.98139553145925,"lock":false,"visible":true,"heading":0,"__type":"end-point"},{"uid":"CSTldVjTBN","x":-62.63934537530409,"y":46.79274553334064,"lock":false,"visible":true,"heading":270,"__type":"end-point"}],"speedProfiles":[{"uid":"LgcDQWrk7m","xPos":0.08695652173913043,"yPos":1,"followBentRate":false},{"uid":"tJOJvcEqVE","xPos":0.5652173913043478,"yPos":1,"followBentRate":false}],"lookaheadKeyframes":[],"uid":"mR909jPh7R"},{"controls":[{"uid":"CSTldVjTBN","x":-62.63934537530409,"y":46.79274553334064,"lock":false,"visible":true,"heading":270,"__type":"end-point"},{"uid":"7YT8H3e1Si","x":-27.55044572524217,"y":46.79274553334064,"lock":false,"visible":true,"heading":90,"__type":"end-point"}],"speedProfiles":[{"uid":"gXiMCulfAy","xPos":0,"yPos":1,"followBentRate":false},{"uid":"IOSyLInjQn","xPos":0.2222222222222222,"yPos":1,"followBentRate":false},{"uid":"s7PhR85KXq","xPos":0.4222222222222222,"yPos":1,"followBentRate":false}],"lookaheadKeyframes":[],"uid":"GkLaCwomh7"},{"controls":[{"uid":"7YT8H3e1Si","x":-27.55044572524217,"y":46.79274553334064,"lock":false,"visible":true,"heading":90,"__type":"end-point"},{"uid":"WPua7Eejao","x":-47.17004552957786,"y":46.79274553334064,"lock":false,"visible":true,"heading":0,"__type":"end-point"}],"speedProfiles":[],"lookaheadKeyframes":[],"uid":"wClcZMYctk"},{"controls":[{"uid":"WPua7Eejao","x":-47.17004552957786,"y":46.79274553334064,"lock":false,"visible":true,"heading":0,"__type":"end-point"},{"uid":"DkSo5srQJl","x":-47.17004552957786,"y":63.20529536965992,"lock":false,"visible":true,"heading":0,"__type":"end-point"}],"speedProfiles":[],"lookaheadKeyframes":[],"uid":"SsQjRKEaga"},{"controls":[{"uid":"DkSo5srQJl","x":-47.17004552957786,"y":63.20529536965992,"lock":false,"visible":true,"heading":0,"__type":"end-point"},{"uid":"GWLlmuOunV","x":-47.17004552957786,"y":46.98139553145925,"lock":false,"visible":true,"heading":180,"__type":"end-point"}],"speedProfiles":[],"lookaheadKeyframes":[],"uid":"QGnAJxx1pg"},{"controls":[{"uid":"GWLlmuOunV","x":-47.17004552957786,"y":46.98139553145925,"lock":false,"visible":true,"heading":180,"__type":"end-point"},{"uid":"EkTtvVb8sr","x":-56.22524543927126,"y":30.946145691377193,"lock":false,"visible":true,"heading":180,"__type":"end-point"}],"speedProfiles":[],"lookaheadKeyframes":[],"uid":"qSguD8b4tc"},{"controls":[{"uid":"EkTtvVb8sr","x":-56.22524543927126,"y":30.946145691377193,"lock":false,"visible":true,"heading":180,"__type":"end-point"},{"uid":"ONC1TTER4X","x":-56.03659544115265,"y":11.326545887041496,"lock":false,"visible":true,"heading":180,"__type":"end-point"}],"speedProfiles":[],"lookaheadKeyframes":[],"uid":"C2gCmYaPRi"},{"controls":[{"uid":"ONC1TTER4X","x":-56.03659544115265,"y":11.326545887041496,"lock":false,"visible":true,"heading":180,"__type":"end-point"},{"uid":"aqW6wgxNfI","x":-56.413895437389876,"y":-13.197953868378125,"lock":false,"visible":true,"heading":180,"__type":"end-point"}],"speedProfiles":[],"lookaheadKeyframes":[],"uid":"WaXuKSkaOw"},{"controls":[{"uid":"aqW6wgxNfI","x":-56.413895437389876,"y":-13.197953868378125,"lock":false,"visible":true,"heading":180,"__type":"end-point"},{"uid":"zZ5qntrlYx","x":-26.79584573276772,"y":28.682345713953843,"lock":false,"visible":true,"heading":135,"__type":"end-point"}],"speedProfiles":[],"lookaheadKeyframes":[],"uid":"O2EXRzibZ6"},{"controls":[{"uid":"zZ5qntrlYx","x":-26.79584573276772,"y":28.682345713953843,"lock":false,"visible":true,"heading":135,"__type":"end-point"},{"uid":"Gzg1z4yuGb","x":-10.383295896448434,"y":10.383295896448434,"lock":false,"visible":true,"heading":135,"__type":"end-point"}],"speedProfiles":[],"lookaheadKeyframes":[],"uid":"pk7BBAcCiH"},{"controls":[{"uid":"Gzg1z4yuGb","x":-10.383295896448434,"y":10.383295896448434,"lock":false,"visible":true,"heading":135,"__type":"end-point"},{"uid":"c7LANcLoqx","x":-33.39859566691916,"y":34.341845657512216,"lock":false,"visible":true,"heading":180,"__type":"end-point"}],"speedProfiles":[],"lookaheadKeyframes":[],"uid":"K3xYqMGvzI"},{"controls":[{"uid":"c7LANcLoqx","x":-33.39859566691916,"y":34.341845657512216,"lock":false,"visible":true,"heading":180,"__type":"end-point"},{"uid":"5LTR9bQpUG","x":-46.415445537103416,"y":-47.15495352972837,"lock":false,"visible":true,"heading":180,"__type":"end-point"}],"speedProfiles":[],"lookaheadKeyframes":[],"uid":"zVrHzfaO8e"},{"controls":[{"uid":"5LTR9bQpUG","x":-46.415445537103416,"y":-47.15495352972837,"lock":false,"visible":true,"heading":180,"__type":"end-point"},{"uid":"zoeKBpxQEk","x":-47.17004552957786,"y":-63.00155337169181,"lock":false,"visible":true,"heading":180,"__type":"end-point"}],"speedProfiles":[],"lookaheadKeyframes":[],"uid":"fPBma4aRYN"},{"controls":[{"uid":"zoeKBpxQEk","x":-47.17004552957786,"y":-63.00155337169181,"lock":false,"visible":true,"heading":180,"__type":"end-point"},{"uid":"IGeVk1x8nc","x":-46.60409553522203,"y":-47.532253525965594,"lock":false,"visible":true,"heading":0,"__type":"end-point"}],"speedProfiles":[],"lookaheadKeyframes":[],"uid":"FGtYcXCLbe"},{"controls":[{"uid":"IGeVk1x8nc","x":-46.60409553522203,"y":-47.532253525965594,"lock":false,"visible":true,"heading":0,"__type":"end-point"},{"uid":"JvxU9FXhoS","x":-62.26204537906686,"y":-47.532253525965594,"lock":false,"visible":true,"heading":270,"__type":"end-point"}],"speedProfiles":[],"lookaheadKeyframes":[],"uid":"xJoqK9Txhy"},{"controls":[{"uid":"JvxU9FXhoS","x":-62.26204537906686,"y":-47.532253525965594,"lock":false,"visible":true,"heading":270,"__type":"end-point"},{"uid":"IZBTgpICQw","x":-27.55044572524217,"y":-47.15495352972837,"lock":false,"visible":true,"heading":90,"__type":"end-point"}],"speedProfiles":[],"lookaheadKeyframes":[],"uid":"LVgAoRtZqe"},{"controls":[{"uid":"IZBTgpICQw","x":-27.55044572524217,"y":-47.15495352972837,"lock":false,"visible":true,"heading":90,"__type":"end-point"},{"uid":"zKSZGb6ETi","x":-63.20529536965992,"y":-27.346703727274058,"lock":false,"visible":true,"heading":0,"__type":"end-point"}],"speedProfiles":[],"lookaheadKeyframes":[],"uid":"pVnb8bjvfw"},{"controls":[{"uid":"zKSZGb6ETi","x":-63.20529536965992,"y":-27.346703727274058,"lock":false,"visible":true,"heading":0,"__type":"end-point"},{"uid":"kj0ir1XX63","x":-63.20529536965992,"y":-6.02925393987085,"lock":false,"visible":true,"heading":0,"__type":"end-point"}],"speedProfiles":[],"lookaheadKeyframes":[],"uid":"SdaHfgiiuS"}],"pc":{"speedLimit":{"minLimit":{"value":0,"label":"0"},"maxLimit":{"value":600,"label":"600"},"step":1,"from":40,"to":120},"bentRateApplicableRange":{"minLimit":{"value":0,"label":"0"},"maxLimit":{"value":1,"label":"1"},"step":0.001,"from":0,"to":0.1}},"name":"top bot","uid":"H8AezK5kba","lock":false,"visible":false},{"segments":[{"controls":[{"uid":"l2jwMTiLa4","x":-51.50899548630595,"y":-9.613603904124487,"lock":false,"visible":true,"heading":110,"__type":"end-point"},{"uid":"nmPLKrWO7x","x":-32.07804568008887,"y":-16.216353838275925,"lock":false,"visible":true,"heading":90,"__type":"end-point"}],"speedProfiles":[],"lookaheadKeyframes":[],"uid":"LWLw4V59TE"},{"controls":[{"uid":"nmPLKrWO7x","x":-32.07804568008887,"y":-16.216353838275925,"lock":false,"visible":true,"heading":90,"__type":"end-point"},{"uid":"QvCLjOrOPZ","x":0.36975399631247274,"y":-19.04610381005511,"lock":false,"visible":true,"__type":"control"},{"uid":"XVUCqMLVcC","x":-0.5734959942805857,"y":-22.630453774308748,"lock":false,"visible":true,"__type":"control"},{"uid":"3yN9kTb3N6","x":-0.007545999924748359,"y":-37.72245362379775,"lock":false,"visible":true,"heading":180,"__type":"end-point"}],"speedProfiles":[],"lookaheadKeyframes":[],"uid":"o1EUH1mqYl"},{"controls":[{"uid":"3yN9kTb3N6","x":-0.007545999924748359,"y":-37.72245362379775,"lock":false,"visible":true,"heading":180,"__type":"end-point"},{"uid":"GdyPRmNHao","x":-1.7053959829922605,"y":-43.004653571118894,"lock":false,"visible":true,"heading":180,"__type":"end-point"}],"speedProfiles":[],"lookaheadKeyframes":[],"uid":"RAgHCzFmTH"},{"controls":[{"uid":"GdyPRmNHao","x":-1.7053959829922605,"y":-43.004653571118894,"lock":false,"visible":true,"heading":180,"__type":"end-point"},{"uid":"GFPKl4qgSK","x":-27.361795727123557,"y":-27.724003723511284,"lock":false,"visible":true,"heading":305,"__type":"end-point"}],"speedProfiles":[],"lookaheadKeyframes":[],"uid":"NAe8mp5hIe"},{"controls":[{"uid":"GFPKl4qgSK","x":-27.361795727123557,"y":-27.724003723511284,"lock":false,"visible":true,"heading":305,"__type":"end-point"},{"uid":"Q5xoKZSSQS","x":-10.760595892685659,"y":-11.122803889073387,"lock":false,"visible":true,"heading":45,"__type":"end-point"}],"speedProfiles":[],"lookaheadKeyframes":[],"uid":"I6HUt7v1ku"},{"controls":[{"uid":"Q5xoKZSSQS","x":-10.760595892685659,"y":-11.122803889073387,"lock":false,"visible":true,"heading":45,"__type":"end-point"},{"uid":"9GDrH5KRMl","x":-47.7359955239337,"y":-46.96630353160975,"lock":false,"visible":true,"heading":225,"__type":"end-point"}],"speedProfiles":[],"lookaheadKeyframes":[],"uid":"wOJ8PlTsoU"},{"controls":[{"uid":"9GDrH5KRMl","x":-47.7359955239337,"y":-46.96630353160975,"lock":false,"visible":true,"heading":225,"__type":"end-point"},{"uid":"7V9a5Pbadg","x":-61.3187953884738,"y":-46.96630353160975,"lock":false,"visible":true,"heading":270,"__type":"end-point"}],"speedProfiles":[],"lookaheadKeyframes":[],"uid":"5pYejWVCEC"},{"controls":[{"uid":"7V9a5Pbadg","x":-61.3187953884738,"y":-46.96630353160975,"lock":false,"visible":true,"heading":270,"__type":"end-point"},{"uid":"VLDeUwA9pp","x":-27.173145729004943,"y":-47.34360352784698,"lock":false,"visible":true,"heading":90,"__type":"end-point"}],"speedProfiles":[],"lookaheadKeyframes":[],"uid":"3q9o08UpBJ"},{"controls":[{"uid":"VLDeUwA9pp","x":-27.173145729004943,"y":-47.34360352784698,"lock":false,"visible":true,"heading":90,"__type":"end-point"},{"uid":"O1rqiQgHzV","x":-52.829545473136236,"y":-36.77920363320468,"lock":false,"visible":true,"heading":0,"__type":"end-point"}],"speedProfiles":[],"lookaheadKeyframes":[],"uid":"fKniP7CycH"},{"controls":[{"uid":"O1rqiQgHzV","x":-52.829545473136236,"y":-36.77920363320468,"lock":false,"visible":true,"heading":0,"__type":"end-point"},{"uid":"xyiwES0Qkm","x":-62.63934537530409,"y":-21.687203783715685,"lock":false,"visible":true,"heading":0,"__type":"end-point"}],"speedProfiles":[],"lookaheadKeyframes":[],"uid":"TPRPRUDz6X"},{"controls":[{"uid":"xyiwES0Qkm","x":-62.63934537530409,"y":-21.687203783715685,"lock":false,"visible":true,"heading":0,"__type":"end-point"},{"uid":"GivkvyV3rY","x":-62.8279953734227,"y":0.19619599804336083,"lock":false,"visible":true,"heading":0,"__type":"end-point"}],"speedProfiles":[],"lookaheadKeyframes":[],"uid":"4LrmaJwqKb"}],"pc":{"speedLimit":{"minLimit":{"value":0,"label":"0"},"maxLimit":{"value":600,"label":"600"},"step":1,"from":40,"to":120},"bentRateApplicableRange":{"minLimit":{"value":0,"label":"0"},"maxLimit":{"value":1,"label":"1"},"step":0.001,"from":0,"to":0.1}},"name":"h2h bottom","uid":"ud7e724rjD","lock":false,"visible":false},{"segments":[{"controls":[{"uid":"lqU94nOjSu","x":-52.452245476899016,"y":11.137895888922884,"lock":false,"visible":true,"heading":0,"__type":"end-point"},{"uid":"xhpdAPHUEd","x":-45.472195546510356,"y":23.400145766632694,"lock":false,"visible":true,"__type":"control"},{"uid":"bBT3eCYwvB","x":-24.909345751581593,"y":8.685445913380923,"lock":false,"visible":true,"__type":"control"},{"uid":"Fbz0xbG6oj","x":-5.667045943483123,"y":21.136345789209344,"lock":false,"visible":true,"heading":0,"__type":"end-point"}],"speedProfiles":[],"lookaheadKeyframes":[],"uid":"71CawHEFat"},{"controls":[{"uid":"Fbz0xbG6oj","x":-5.667045943483123,"y":21.136345789209344,"lock":false,"visible":true,"heading":0,"__type":"end-point"},{"uid":"RiRLbiiVVS","x":0.558403994431089,"y":27.361795727123557,"lock":false,"visible":true,"__type":"control"},{"uid":"jn5UChQibY","x":0.18110399819386405,"y":26.041245740293267,"lock":false,"visible":true,"__type":"control"},{"uid":"0a0k0n1Gnc","x":-0.19619599804336083,"y":36.794295633054176,"lock":false,"visible":true,"heading":0,"__type":"end-point"}],"speedProfiles":[],"lookaheadKeyframes":[],"uid":"CGkApTyRnk"},{"controls":[{"uid":"0a0k0n1Gnc","x":-0.19619599804336083,"y":36.794295633054176,"lock":false,"visible":true,"heading":0,"__type":"end-point"},{"uid":"ALKGAgXhGg","x":-34.341845657512216,"y":36.22834563869834,"lock":false,"visible":true,"heading":270,"__type":"end-point"}],"speedProfiles":[],"lookaheadKeyframes":[],"uid":"jxfF8pUYQ8"},{"controls":[{"uid":"ALKGAgXhGg","x":-34.341845657512216,"y":36.22834563869834,"lock":false,"visible":true,"heading":270,"__type":"end-point"},{"uid":"c37DbFGC3E","x":-45.472195546510356,"y":46.98139553145925,"lock":false,"visible":true,"heading":315,"__type":"end-point"}],"speedProfiles":[],"lookaheadKeyframes":[],"uid":"uF6uy052WI"},{"controls":[{"uid":"c37DbFGC3E","x":-45.472195546510356,"y":46.98139553145925,"lock":false,"visible":true,"heading":315,"__type":"end-point"},{"uid":"eQXizlwTuY","x":-62.8279953734227,"y":46.98139553145925,"lock":false,"visible":true,"heading":270,"__type":"end-point"}],"speedProfiles":[],"lookaheadKeyframes":[],"uid":"1G0LeaU606"},{"controls":[{"uid":"eQXizlwTuY","x":-62.8279953734227,"y":46.98139553145925,"lock":false,"visible":true,"heading":270,"__type":"end-point"},{"uid":"WDMOqJ6Dyo","x":-25.097995749700207,"y":47.358695527696476,"lock":false,"visible":true,"heading":90,"__type":"end-point"}],"speedProfiles":[],"lookaheadKeyframes":[],"uid":"aU1EK2k5mY"}],"pc":{"speedLimit":{"minLimit":{"value":0,"label":"0"},"maxLimit":{"value":600,"label":"600"},"step":1,"from":40,"to":120},"bentRateApplicableRange":{"minLimit":{"value":0,"label":"0"},"maxLimit":{"value":1,"label":"1"},"step":0.001,"from":0,"to":0.1}},"name":"h2h top","uid":"KkL92G4t4K","lock":false,"visible":false}]}